Body keypoints: 
[[[6.6455286e+02 3.3747763e+02 9.4774151e-01]
  [6.4890546e+02 4.3343414e+02 8.6560124e-01]
  [5.7847296e+02 4.3160236e+02 7.7001584e-01]
  [5.6084009e+02 5.4316022e+02 7.3494780e-01]
  [5.5694989e+02 6.5096991e+02 8.6553925e-01]
  [7.1173529e+02 4.3160028e+02 8.2864833e-01]
  [7.3123602e+02 5.4317102e+02 7.6474541e-01]
  [7.4305756e+02 6.4888019e+02 8.2482564e-01]
  [6.5096558e+02 6.6466388e+02 5.6510717e-01]
  [6.0591504e+02 6.6658173e+02 5.1905316e-01]
  [0.0000000e+00 0.0000000e+00 0.0000000e+00]
  [0.0000000e+00 0.0000000e+00 0.0000000e+00]
  [6.9787927e+02 6.6657074e+02 5.3728515e-01]
  [0.0000000e+00 0.0000000e+00 0.0000000e+00]
  [0.0000000e+00 0.0000000e+00 0.0000000e+00]
  [6.4703668e+02 3.2378180e+02 8.9952636e-01]
  [6.7442218e+02 3.2573526e+02 8.4126413e-01]
  [6.1760382e+02 3.3947934e+02 9.0216297e-01]
  [6.8237750e+02 3.3940570e+02 2.5743935e-01]
  [0.0000000e+00 0.0000000e+00 0.0000000e+00]
  [0.0000000e+00 0.0000000e+00 0.0000000e+00]
  [0.0000000e+00 0.0000000e+00 0.0000000e+00]
  [0.0000000e+00 0.0000000e+00 0.0000000e+00]
  [0.0000000e+00 0.0000000e+00 0.0000000e+00]
  [0.0000000e+00 0.0000000e+00 0.0000000e+00]]]
Face keypoints: 
[[[ 6.19376465e+02  3.27800842e+02  2.21454546e-01]
  [ 6.20112610e+02  3.39947479e+02  4.52614129e-01]
  [ 6.21953064e+02  3.50253754e+02  5.16053975e-01]
  [ 6.24897705e+02  3.59455750e+02  4.98079598e-01]
  [ 6.30418884e+02  3.66449280e+02  3.25247526e-01]
  [ 6.37412415e+02  3.71970459e+02  2.15945467e-01]
  [ 6.47718628e+02  3.76387421e+02  6.17075674e-02]
  [ 6.53976013e+02  3.74547028e+02  2.26021893e-02]
  [ 6.45510193e+02  3.72338562e+02  6.45051757e-03]
  [ 6.45142090e+02  3.53934540e+02  1.70350596e-02]
  [ 6.45510193e+02  3.54302612e+02  1.90347515e-03]
  [ 6.35940063e+02  3.74547028e+02  2.89416267e-03]
  [ 6.33731628e+02  3.74547028e+02  3.15407254e-02]
  [ 6.42197449e+02  3.59455750e+02  3.00987735e-02]
  [ 6.18640320e+02  3.53198395e+02  3.80505100e-02]
  [ 6.80477783e+02  3.39579407e+02  2.13465970e-02]
  [ 6.78637390e+02  3.30745483e+02  2.14064401e-02]
  [ 6.42565552e+02  3.56879181e+02  3.18439975e-02]
  [ 6.55448303e+02  3.63136536e+02  9.50319506e-03]
  [ 6.51399475e+02  3.65345032e+02  1.34618981e-02]
  [ 6.39620911e+02  3.69025818e+02  5.92474174e-03]
  [ 6.56920654e+02  3.18598846e+02  1.11991568e-02]
  [ 6.51767517e+02  3.57247253e+02  1.00367288e-04]
  [ 6.51767517e+02  3.56879181e+02 -6.18552367e-05]
  [ 6.56920654e+02  3.14918030e+02  2.30563965e-05]
  [ 6.48454834e+02  3.56879181e+02 -1.21976576e-04]
  [ 6.57288757e+02  3.18966919e+02  2.26614345e-02]
  [ 6.21953064e+02  3.28537018e+02  7.09753251e-03]
  [ 6.21953064e+02  3.28537018e+02  4.76263510e-03]
  [ 6.21953064e+02  3.28905090e+02  6.18959602e-04]
  [ 6.30786987e+02  3.63136536e+02  2.72415520e-04]
  [ 6.30418884e+02  3.62768463e+02  1.43950041e-02]
  [ 6.30418884e+02  3.62768463e+02  8.00932664e-03]
  [ 6.30418884e+02  3.62768463e+02  7.40582822e-04]
  [ 6.27842346e+02  3.27800842e+02  1.95416229e-04]
  [ 6.48086731e+02  3.57615356e+02  1.77181384e-04]
  [ 6.25265747e+02  3.28168915e+02  8.32780972e-02]
  [ 6.51399475e+02  3.56879181e+02  3.17308493e-02]
  [ 6.47718628e+02  3.80436310e+02  2.09637489e-02]
  [ 6.53607910e+02  3.45468689e+02  8.32416583e-04]
  [ 6.53607910e+02  3.45468689e+02  2.10049395e-02]
  [ 6.27474243e+02  3.30377411e+02  2.56469790e-02]
  [ 6.48086731e+02  3.56879181e+02  2.67995968e-02]
  [ 6.51767517e+02  3.57247253e+02  2.85607875e-05]
  [ 6.48086731e+02  3.56879181e+02  1.22662634e-04]
  [ 6.52135620e+02  3.56879181e+02  2.92880686e-05]
  [ 6.48086731e+02  3.56879181e+02  1.00622332e-04]
  [ 6.51399475e+02  3.57247253e+02 -5.04786783e-07]
  [ 6.47718628e+02  3.56879181e+02  1.78986475e-01]
  [ 6.33731628e+02  3.65713104e+02  2.11084466e-02]
  [ 6.31523132e+02  3.65713104e+02  1.71658881e-02]
  [ 6.39252808e+02  3.74915100e+02  5.47960820e-03]
  [ 6.33731628e+02  3.66081177e+02  8.87705188e-04]
  [ 6.39620911e+02  3.69025818e+02  2.67987576e-04]
  [ 6.51031372e+02  3.57247253e+02  9.23418382e-04]
  [ 6.39620911e+02  3.74178955e+02  3.64998414e-04]
  [ 6.48822876e+02  3.80436310e+02  7.89635742e-05]
  [ 6.39620911e+02  3.69025818e+02  7.26977538e-04]
  [ 6.51399475e+02  3.57615356e+02  1.63670792e-03]
  [ 6.51399475e+02  3.57615356e+02  4.33452167e-02]
  [ 6.48822876e+02  3.56879181e+02  1.94702059e-01]
  [ 6.41829346e+02  3.77491669e+02  5.97129064e-03]
  [ 6.47718628e+02  3.80436310e+02  8.79257824e-03]
  [ 6.48454834e+02  3.57247253e+02  4.20667836e-03]
  [ 6.39620911e+02  3.69025818e+02  5.68314514e-04]
  [ 6.46246338e+02  3.36266693e+02  2.30135774e-04]
  [ 6.42565552e+02  3.77491669e+02  1.22647891e-02]
  [ 6.50663269e+02  3.56879181e+02  4.17047366e-03]
  [ 6.21953064e+02  3.28905090e+02  3.46535654e-03]
  [ 6.51767517e+02  3.56879181e+02  4.38809744e-04]]]
Left hand keypoints: 
[[[7.4218951e+02 6.5037970e+02 5.8875847e-01]
  [7.3308459e+02 6.6208594e+02 5.8015090e-01]
  [7.2701471e+02 6.7899506e+02 6.1201781e-01]
  [7.2397974e+02 6.9330267e+02 7.4164760e-01]
  [7.2267902e+02 7.0457538e+02 7.4356735e-01]
  [7.3828741e+02 6.8809991e+02 4.6733105e-01]
  [7.3265106e+02 7.0500897e+02 6.3342977e-01]
  [7.2788184e+02 7.1411383e+02 6.9854289e-01]
  [7.2354614e+02 7.2105090e+02 7.3828739e-01]
  [7.4218951e+02 6.8593207e+02 4.9861908e-01]
  [7.3915454e+02 7.0023975e+02 5.6872553e-01]
  [7.3351819e+02 7.0761035e+02 2.6246944e-01]
  [7.2484686e+02 7.1671527e+02 2.1487477e-01]
  [7.4565802e+02 6.8116284e+02 4.9797976e-01]
  [7.4349017e+02 6.9243555e+02 5.4762065e-01]
  [7.3655316e+02 6.9677124e+02 4.1171336e-01]
  [7.3135034e+02 7.0284113e+02 2.4392913e-01]
  [7.4522443e+02 6.7422583e+02 4.7425982e-01]
  [7.4479089e+02 6.8506494e+02 3.9224380e-01]
  [7.3915454e+02 6.8896704e+02 3.5634613e-01]
  [7.3525244e+02 6.9200201e+02 2.5307560e-01]]]
Right hand keypoints: 
[[[5.5874420e+02 6.5048944e+02 5.3067017e-01]
  [5.6797852e+02 6.6324152e+02 6.0100102e-01]
  [5.7281549e+02 6.8478821e+02 6.1930257e-01]
  [5.7281549e+02 7.0105811e+02 6.9047582e-01]
  [5.7061688e+02 7.0985266e+02 7.3578393e-01]
  [5.5654559e+02 6.9270331e+02 6.6958779e-01]
  [5.5786475e+02 7.0941296e+02 7.5840157e-01]
  [5.6226202e+02 7.1688831e+02 7.2361302e-01]
  [5.6621960e+02 7.2040613e+02 6.7470533e-01]
  [5.4907019e+02 6.9182385e+02 5.4872024e-01]
  [5.5302777e+02 7.0633484e+02 6.3366061e-01]
  [5.5918396e+02 7.0941296e+02 4.7350532e-01]
  [5.6402094e+02 7.0897321e+02 3.2590774e-01]
  [5.4423322e+02 6.8786627e+02 5.5741495e-01]
  [5.4775104e+02 7.0105811e+02 5.5634224e-01]
  [5.5478668e+02 7.0325677e+02 4.8392931e-01]
  [5.6050311e+02 7.0061841e+02 3.0817774e-01]
  [5.4159485e+02 6.8171008e+02 6.2178844e-01]
  [5.4335376e+02 6.9446222e+02 5.8071780e-01]
  [5.4863049e+02 6.9666083e+02 4.7410458e-01]
  [5.5434692e+02 6.9754028e+02 3.0421737e-01]]]
